0 0.488479 0.410421 0.010904 0.017837
0 0.465016 0.431448 0.013854 0.023855
0 0.453683 0.518480 0.027399 0.055492
0 0.499321 0.488425 0.022683 0.043479
0 0.519981 0.436800 0.016961 0.026847
0 0.409334 0.497413 0.029733 0.047236
0 0.436956 0.430275 0.015658 0.023629
0 0.130418 0.856315 0.199204 0.262706
0 0.360775 0.462638 0.027885 0.033015
0 0.270790 0.505814 0.064278 0.036414
0 0.247904 0.525112 0.072948 0.041427
0 0.577610 0.464297 0.046897 0.029289
0 0.569798 0.453909 0.042965 0.026630
0 0.530199 0.405995 0.012864 0.016819
0 0.521617 0.393712 0.010385 0.013508
0 0.383683 0.413236 0.015830 0.017033
1 0.626427 0.722968 0.042271 0.042549
1 0.554054 0.425302 0.006361 0.014445
1 0.381477 0.432567 0.005287 0.006881
1 0.394588 0.400824 0.005127 0.003657
1 0.524462 0.387721 0.005941 0.002251
1 0.337867 0.443240 0.018961 0.013226
1 0.680686 0.589186 0.038066 0.047897
