0 0.488101 0.408400 0.010586 0.017403
0 0.465283 0.428253 0.013395 0.023237
0 0.454361 0.509877 0.026051 0.052630
0 0.498003 0.482193 0.021611 0.041338
0 0.518357 0.433414 0.016267 0.025982
0 0.403805 0.509698 0.032692 0.052367
0 0.435370 0.433855 0.016351 0.025003
0 0.355163 0.468958 0.029794 0.035711
0 0.268659 0.507231 0.064922 0.036759
0 0.245303 0.526861 0.073772 0.041871
0 0.577958 0.465272 0.047244 0.029530
0 0.570087 0.454737 0.043256 0.026830
0 0.530314 0.406297 0.012907 0.016904
0 0.521726 0.393919 0.010412 0.013563
0 0.383244 0.413544 0.015930 0.017114
1 0.627878 0.730733 0.043196 0.043962
1 0.554254 0.425779 0.006391 0.014534
1 0.380891 0.433027 0.005319 0.006914
1 0.394323 0.401028 0.005146 0.003669
1 0.524600 0.387879 0.005957 0.002259
1 0.336973 0.443803 0.019065 0.013292
1 0.682477 0.592657 0.038693 0.048730
